191
130
151
180
162
169
158
123
127
108
168
119
175
195
121
192
123
111
196
192
159
134
197
183
172
192
185
140
178
192
154
192
101
130
178
192
144
156
154
108
186
157
114
172
153
180
179
178
130
146
107
187
163
109
150
164
132
131
110
107
156
189
192
147
175
102
198
138
114
176
140
174
186
166
113
154
123
180
195
107
170
110
199
193
154
106
160
137
124
128
198
199
143
194
122
115
169
171
101
180
185
168
192
143
178
198
180
148
100
148
126
160
129
192
176
144
175
106
140
140
107
182
193
178
192
166
143
192
181
196
130
105
106
181
178
122
108
153
147
181
113
147
112
103
119
190
158
125
184
100
104
187
124
177
156
105
197
179
190
167
1000316
1000464
165
102
164
174
115
174
135
190
168
121
197
169
157
140
159
192
190
150
133
163
102
164
136
165
145
152
184
146
151
161
104
172
166
172
192
145
104
157
176
124
